 IUTYPE    =    0
 MODEL     =    0
 NVISC     =    0
 ALPHA     =  5.200000e-01
 BETA      =  7.080000e-02
 BETAS     =  9.000000e-02
 SIGMA     =  5.000000e-01
 SIGMAS    =  6.000000e-01
 PRT       =  8.900000e-01
 CEPS1     =  1.440000e+00
 CEPS2     =  1.920000e+00
 CMU       =  9.000000e-02
 SIGMAE    =  1.300000e+00
 SIGMAK    =  1.000000e+00
 PSIEPS    =  1.250000e-01
 ALPHAH    =  7.751196e-01
 BETAH     =  2.009569e-01
 GAMMAH    =  5.014354e-01
 CC1       =  1.800000e+00
 XIS       =  0.000000e+00
 XMT0      =  2.500000e-01
 CONE      =  0.000000e+00
 DS        =  2.000000e-02
 G         =  1.400000e+00
 PR        =  7.200000e-01
 PT1       =  2.139840e+03
 R         =  1.716000e+03
 REK       =  1.000000e+00
 RMI0      =  1.000000e+00
 SGN       =  1.000000e+00
 SSTOP     =  1.115500e+01
 SU        =  1.986000e+02
 TT1       =  5.370200e+02
 USTOP     =  2.500000e+00
 VISCON    =  2.270000e-08
 VISPOW    =  1.500000e+00
 WAVE      =  0.000000e+00
 XK        =  1.080000e+00
 XMA       =  7.600000e-02
 ZIOTAE    =  1.000000e-06
 ZIOTAL    =  1.000000e-02
 IBODY     =    2
 IBOUND    =    1
 IEDGE     =  101
 IEND1     = 1000
 ISHORT    =    0
 J         =    0
 KEBC      =    0
 KODWAL    =    2
 MSTART    =    2
 NFLAG     =    1
 NUMBER    =   21
 PROVAL(1) =  1.000000e+10
 PROVAL(2) =  1.000000e+10
 PROVAL(3) =  1.000000e+10
 PROVAL(4) =  1.000000e+10
 PROVAL(5) =  1.000000e+10
 PROVAL(6) =  1.000000e+10
 PROVAL(7) =  1.000000e+10
 PROVAL(8) =  1.000000e+10
 PROVAL(9) =  1.000000e+10
 PROVAL(10)=  1.000000e+10
 ALAMM     =  1.000000e+00
 CF        =  2.700000e-03
 DELTA     =  9.800004e-02
 H         =  1.400000e+00
 R2D       =  1.000000e+00
 RETHET    =  5.600000e+03
 SI        =  3.392000e+00
  2.624664e+00  2.131251e+03  5.370200e+02  0.000000e+00  0.000000e+00  1.000000e+00  2.624664e+00  0.000000e+00
  3.018363e+00  2.131309e+03  5.370200e+02  0.000000e+00  0.000000e+00  1.000000e+00  3.018363e+00  0.000000e+00
  3.510488e+00  2.131402e+03  5.370200e+02  0.000000e+00  0.000000e+00  1.000000e+00  3.510488e+00  0.000000e+00
  4.002613e+00  2.131513e+03  5.370200e+02  0.000000e+00  0.000000e+00  1.000000e+00  4.002613e+00  0.000000e+00
  4.494737e+00  2.131639e+03  5.370200e+02  0.000000e+00  0.000000e+00  1.000000e+00  4.494737e+00  0.000000e+00
  4.986861e+00  2.131774e+03  5.370200e+02  0.000000e+00  0.000000e+00  1.000000e+00  4.986861e+00  0.000000e+00
  5.478986e+00  2.131917e+03  5.370200e+02  0.000000e+00  0.000000e+00  1.000000e+00  5.478986e+00  0.000000e+00
  5.971111e+00  2.132068e+03  5.370200e+02  0.000000e+00  0.000000e+00  1.000000e+00  5.971111e+00  0.000000e+00
  6.463235e+00  2.132230e+03  5.370200e+02  0.000000e+00  0.000000e+00  1.000000e+00  6.463235e+00  0.000000e+00
  6.955359e+00  2.132409e+03  5.370200e+02  0.000000e+00  0.000000e+00  1.000000e+00  6.955359e+00  0.000000e+00
  7.447484e+00  2.132614e+03  5.370200e+02  0.000000e+00  0.000000e+00  1.000000e+00  7.447484e+00  0.000000e+00
  7.939609e+00  2.132854e+03  5.370200e+02  0.000000e+00  0.000000e+00  1.000000e+00  7.939609e+00  0.000000e+00
  8.431733e+00  2.133139e+03  5.370200e+02  0.000000e+00  0.000000e+00  1.000000e+00  8.431733e+00  0.000000e+00
  8.923858e+00  2.133471e+03  5.370200e+02  0.000000e+00  0.000000e+00  1.000000e+00  8.923858e+00  0.000000e+00
  9.415982e+00  2.133842e+03  5.370200e+02  0.000000e+00  0.000000e+00  1.000000e+00  9.415982e+00  0.000000e+00
  9.908106e+00  2.134236e+03  5.370200e+02  0.000000e+00  0.000000e+00  1.000000e+00  9.908106e+00  0.000000e+00
  1.040023e+01  2.134622e+03  5.370200e+02  0.000000e+00  0.000000e+00  1.000000e+00  1.040023e+01  0.000000e+00
  1.089236e+01  2.134974e+03  5.370200e+02  0.000000e+00  0.000000e+00  1.000000e+00  1.089236e+01  0.000000e+00
  1.138448e+01  2.135278e+03  5.370200e+02  0.000000e+00  0.000000e+00  1.000000e+00  1.138448e+01  0.000000e+00
  1.187660e+01  2.135545e+03  5.370200e+02  0.000000e+00  0.000000e+00  1.000000e+00  1.187660e+01  0.000000e+00
  1.236873e+01  2.135773e+03  5.370200e+02  0.000000e+00  0.000000e+00  1.000000e+00  1.236873e+01  0.000000e+00
  1.276536e-01  4.178507e-01
  0.000000e+00  0.000000e+00
  0.000000e+00  0.000000e+00
  0.000000e+00  0.000000e+00
  0.000000e+00  0.000000e+00
  1.000000e+00  1.000000e+00
  0.000000e+00  0.000000e+00
******
 ISTART    =   12
 NCFE      =   11
 3.8058e+00 2.7600e-03
 4.7244e+00 2.6500e-03
 5.5774e+00 2.5900e-03
 6.8898e+00 2.4700e-03
 7.4147e+00 2.4300e-03
 7.8740e+00 2.3100e-03
 8.3990e+00 2.1500e-03
 8.9239e+00 2.0500e-03
 9.4160e+00 1.9400e-03
 9.9738e+00 1.7400e-03
 1.1155e+01 1.2600e-03
        Samuel-Joubert
 IPOSCF    =    2
 NUPLUS    =   46
 1.1136e+01 1.0677e+01
 1.4848e+01 1.2032e+01
 1.8869e+01 1.2749e+01
 2.2890e+01 1.3148e+01
 2.6602e+01 1.3825e+01
 3.0624e+01 1.4144e+01
 3.4645e+01 1.4542e+01
 3.8357e+01 1.4781e+01
 4.2378e+01 1.5060e+01
 4.6399e+01 1.5179e+01
 5.4132e+01 1.5498e+01
 6.2175e+01 1.5777e+01
 6.9908e+01 1.5897e+01
 7.7641e+01 1.6215e+01
 8.5684e+01 1.6454e+01
 9.3417e+01 1.6574e+01
 1.0146e+02 1.6813e+01
 1.0919e+02 1.7092e+01
 1.2497e+02 1.7211e+01
 1.4074e+02 1.7410e+01
 1.5621e+02 1.7769e+01
 1.7199e+02 1.8008e+01
 1.9550e+02 1.8287e+01
 2.3478e+02 1.8765e+01
 2.7407e+02 1.9403e+01
 3.1335e+02 1.9801e+01
 3.9192e+02 2.0399e+01
 4.7049e+02 2.1355e+01
 5.4906e+02 2.1992e+01
 6.2763e+02 2.2869e+01
 7.0620e+02 2.3745e+01
 7.8477e+02 2.4423e+01
 9.4191e+02 2.5618e+01
 1.0990e+03 2.7530e+01
 1.2562e+03 2.8925e+01
 1.4133e+03 3.0478e+01
 1.5705e+03 3.1833e+01
 1.7276e+03 3.3267e+01
 1.8847e+03 3.4502e+01
 2.0419e+03 3.5697e+01
 2.1990e+03 3.6853e+01
 2.3562e+03 3.7809e+01
 2.5133e+03 3.8566e+01
 2.6704e+03 3.9323e+01
 2.8276e+03 3.9642e+01
 3.1418e+03 3.9841e+01
        Samuel-Joubert
 IPOSUP    =    1
